
foo0000.jpg
0
275
79
248
0
280
31
269
3
442
34
417
23
425
95
366
58
175
88
173
82
376
114
350
110
192
159
183
141
334
175
334
147
320
202
277
163
220
219
200
176
337
218
336
177
166
207
163
212
268
247
242
213
262
245
238
262
232
296
207
271
335
306
335
294
332
349
331
299
204
329
183
300
200
332
175
317
335
351
335
361
334
411
334
391
167
431
166
396
330
445
330
480
329
512
329
520
333
560
333
556
332
607
332
569
328
602
328
*
foo0004.jpg
0
275
150
223
1
443
112
350
51
395
96
357
71
340
103
340
77
173
110
171
77
197
110
192
120
338
186
337
129
333
173
299
141
186
187
178
144
334
200
333
153
315
189
287
169
217
214
201
174
166
204
163
206
266
348
163
208
270
319
189
238
332
268
332
245
238
325
180
278
335
320
335
305
156
338
156
313
331
352
331
346
334
385
334
353
330
386
330
387
330
419
330
439
333
535
332
572
206
639
225
*
foo0009.jpg
0
473
44
436
13
463
136
360
16
454
46
429
29
275
96
252
43
208
102
198
53
272
83
261
55
422
108
377
104
345
134
345
109
197
181
184
135
357
166
330
152
349
191
348
160
230
207
214
162
169
192
167
170
323
206
295
195
343
241
343
202
303
237
274
203
180
235
175
213
212
245
201
242
162
275
161
250
264
283
237
255
254
289
229
256
346
481
346
286
237
342
195
305
343
385
343
447
199
486
198
491
347
544
347
494
343
533
343
552
347
607
347
*
foo0012.jpg
3
295
71
267
31
473
69
439
52
280
86
265
71
439
105
405
84
197
128
189
120
247
163
230
122
167
164
164
122
390
152
363
128
391
166
355
141
186
176
180
144
237
189
219
148
391
191
391
165
358
197
327
206
391
284
391
218
302
263
258
230
203
268
188
305
219
362
166
314
386
372
386
320
390
370
390
322
208
365
168
399
390
464
390
467
385
500
385
561
385
597
385
569
389
637
389
*
foo0013.jpg
38
208
89
199
48
172
93
169
62
358
135
358
68
288
119
266
93
479
123
449
98
279
134
264
100
479
171
408
108
465
184
389
120
193
162
186
133
169
172
169
147
431
183
395
163
247
235
215
170
361
213
360
177
356
208
356
184
183
251
171
217
161
250
161
238
337
342
233
242
332
275
299
266
303
342
227
345
153
398
153
360
212
404
170
363
360
398
360
600
358
633
358
*
foo0014.jpg
1
328
33
313
13
173
58
169
29
309
92
282
90
284
172
249
108
280
167
255
114
195
177
184
146
158
184
158
163
451
204
406
202
180
232
175
251
1
290
1
261
169
305
161
261
280
308
280
263
211
298
196
268
212
300
199
280
325
308
293
285
311
320
276
296
307
333
267
329
272
370
227
330
265
367
224
485
169
520
169
493
208
523
208
510
166
545
166
569
282
619
282
*
foo0016.jpg
0
305
60
278
5
308
38
292
58
161
90
161
62
283
121
253
76
312
106
312
84
267
120
249
105
308
183
308
112
155
145
154
118
179
166
171
120
248
201
209
138
312
225
311
209
210
240
197
222
310
252
310
231
160
271
154
254
144
291
144
268
310
319
309
272
306
305
306
279
276
317
225
306
306
363
306
328
310
360
310
361
246
392
247
417
158
471
158
*
foo0017.jpg
0
306
135
248
0
310
32
310
9
297
61
275
53
310
87
310
104
192
142
186
114
460
145
424
117
464
177
393
140
429
175
388
144
184
182
179
157
312
196
312
175
308
207
308
186
227
226
211
242
314
270
282
251
303
294
253
251
297
279
265
272
311
308
312
276
266
314
222
287
308
324
308
307
237
333
206
328
213
367
174
329
308
364
308
366
311
421
311
404
308
436
308
427
174
479
174
449
306
479
306
543
230
619
230
600
450
633
450
*
foo0018.jpg
0
460
35
460
10
264
71
239
31
455
63
455
38
417
69
390
60
405
122
347
104
460
148
460
114
217
148
204
128
455
168
455
178
193
227
174
196
276
290
189
222
246
264
207
227
459
303
459
255
217
315
161
273
145
319
145
309
458
344
458
363
168
406
168
390
153
427
153
420
459
464
459
449
185
513
185
459
345
518
345
492
342
556
342
531
257
598
257
547
188
585
199
592
187
622
188
*
foo0019.jpg
1
277
114
234
22
446
53
420
30
191
76
184
33
162
88
160
33
342
86
341
72
404
108
373
97
344
139
344
112
155
151
153
141
224
185
206
158
336
190
308
171
340
232
340
173
149
210
149
182
308
230
264
199
200
248
179
223
275
293
211
229
264
274
222
256
240
301
198
282
343
333
343
316
339
376
339
406
343
439
343
469
144
503
144
472
343
504
343
548
340
580
340
*
foo0020.jpg
26
290
71
273
46
278
77
267
48
478
81
448
93
290
129
290
93
437
135
399
116
253
226
209
133
290
202
290
156
379
216
324
165
156
196
154
204
334
238
304
224
170
258
165
225
150
262
150
226
314
318
234
233
208
278
189
234
204
283
184
253
290
389
290
262
165
293
160
284
259
317
229
322
293
354
293
343
207
375
178
365
294
431
294
411
291
455
291
528
116
559
113
566
292
628
292
*
foo0021.jpg
0
166
52
166
47
278
83
265
67
270
114
253
70
274
119
255
81
445
129
401
122
255
161
240
136
329
195
331
196
222
235
206
216
328
260
287
217
216
259
200
218
331
251
331
219
150
249
150
240
335
275
336
258
283
288
257
261
286
300
253
289
257
321
229
293
260
384
178
296
336
359
337
315
332
351
332
342
210
380
177
443
192
503
191
443
335
478
335
490
339
546
340
500
336
548
337
558
191
599
191
*
foo0022.jpg
17
469
52
469
31
474
68
474
37
441
69
416
43
268
90
250
44
442
103
391
80
406
132
362
98
161
136
161
104
391
234
285
107
243
189
210
108
247
141
234
148
476
179
476
180
477
230
477
190
173
229
167
191
314
225
286
210
265
248
265
212
470
326
470
224
198
255
187
231
478
281
478
253
475
289
475
277
240
342
185
298
226
356
179
331
142
374
142
418
158
458
158
547
196
606
196
*
foo0026.jpg
0
284
43
269
21
462
57
433
30
461
67
431
53
269
111
249
67
430
240
289
67
424
144
362
82
255
180
222
97
406
150
363
143
270
196
270
210
148
284
148
261
269
334
214
298
159
336
152
322
272
352
272
349
142
389
142
*
foo0028.jpg
0
254
33
254
0
320
61
299
39
186
76
183
52
308
94
293
84
360
143
361
90
465
163
408
97
291
145
274
122
434
169
397
138
427
204
375
151
266
223
244
152
356
197
357
160
205
191
201
192
256
240
242
219
361
250
336
222
362
252
362
239
340
270
317
246
192
299
184
248
162
282
162
250
337
292
306
278
317
334
275
295
300
328
274
297
364
350
365
380
366
415
367
386
362
447
364
430
368
482
369
*
foo0030.jpg
116
329
160
328
188
176
221
176
188
220
265
220
313
200
365
167
316
156
351
156
431
331
470
331
*
foo0031.jpg
208
248
303
191
208
318
208
260
210
154
256
154
215
430
326
430
282
148
337
148
325
433
366
434
384
431
428
431
429
186
463
186
442
436
476
436
454
189
488
190
520
436
562
436
536
111
569
107
*
foo0032.jpg
54
198
86
193
120
316
163
289
122
310
161
286
154
295
212
259
154
291
191
268
181
274
225
246
197
263
334
177
197
268
238
242
200
154
237
154
213
257
253
232
238
154
273
154
294
148
343
148
370
187
405
188
384
184
423
183
447
187
480
188
*
foo0036.jpg
0
298
35
297
1
389
66
342
17
379
52
353
23
301
59
301
46
358
123
300
53
140
108
140
79
296
114
296
124
294
189
249
138
290
184
257
163
138
204
138
176
263
209
240
206
294
237
294
231
297
266
297
241
294
299
293
291
296
340
296
300
167
331
144
334
245
370
247
341
296
402
295
343
127
377
128
360
292
417
291
361
125
405
125
403
296
487
295
455
291
494
291
598
289
634
288
*
foo0037.jpg
1
380
81
324
56
393
88
393
68
328
120
293
71
146
127
146
84
323
179
257
88
396
125
395
113
298
179
252
162
395
215
395
251
400
327
400
256
394
487
394
381
387
411
387
429
207
459
207
467
134
501
134
513
230
544
230
544
393
581
393
551
248
589
247
574
233
621
233
*
foo0038.jpg
45
355
88
325
53
148
105
148
72
336
124
299
104
308
135
286
106
147
143
147
204
244
237
221
207
246
239
224
237
6
301
77
309
193
352
188
450
222
492
222
470
215
503
214
528
270
567
270
559
215
593
214
597
268
639
268
*
foo0039.jpg
0
394
87
336
37
326
96
326
45
358
81
334
57
148
89
148
172
271
215
242
277
231
324
230
328
230
359
230
380
232
420
232
407
325
444
325
410
327
482
327
418
333
448
333
419
322
530
322
433
228
474
228
494
325
531
325
535
325
570
325
*
foo0043.jpg
2
417
32
417
6
400
42
374
31
381
81
346
33
371
71
347
41
255
127
225
51
154
95
154
68
354
113
325
78
342
109
322
81
265
113
265
86
243
118
232
88
342
132
313
96
154
131
154
124
319
190
271
132
153
165
153
138
303
170
282
160
172
208
163
228
266
262
266
278
262
319
262
299
265
341
265
390
418
427
418
399
180
455
178
431
418
509
418
467
259
503
259
498
142
528
142
498
145
530
146
520
258
553
257
533
231
585
231
534
235
583
235
548
101
584
96
551
145
585
145
571
260
604
260
582
418
617
418
*
foo0048.jpg
32
302
88
297
38
0
113
40
43
154
76
154
65
18
106
40
66
232
100
221
77
153
111
153
143
294
179
269
147
140
193
140
153
151
191
150
157
280
261
205
163
201
194
190
181
402
214
402
197
140
287
140
207
248
275
200
215
401
247
401
241
145
295
145
285
191
320
165
305
400
540
400
447
155
479
166
455
248
508
248
592
86
622
81
*
foo0049.jpg
40
184
80
179
48
1
89
30
56
0
114
42
103
211
134
202
110
149
142
149
115
283
157
258
137
275
167
256
144
148
218
148
164
197
194
189
200
231
247
203
201
226
305
166
209
153
257
153
219
149
261
149
243
292
275
291
247
143
290
144
284
291
329
291
311
141
344
140
330
290
378
290
383
290
414
289
468
176
510
191
470
153
511
153
491
185
529
198
536
201
581
216
580
286
611
286
581
153
626
153
606
150
638
150
*
foo0050.jpg
39
376
112
319
86
156
153
155
136
210
170
198
152
154
190
154
179
268
215
241
217
241
249
218
223
152
264
152
229
228
266
203
264
203
317
164
265
140
299
140
273
195
313
166
286
277
319
277
309
273
344
273
332
144
393
144
402
276
434
276
503
180
576
209
573
95
608
91
*
foo0052.jpg
7
433
106
353
31
161
96
161
42
189
72
184
120
336
159
306
182
202
248
178
193
142
240
142
235
242
282
204
248
235
284
207
262
221
320
174
275
138
307
138
280
144
317
144
372
295
415
295
426
292
463
292
460
162
509
175
507
175
638
220
507
292
540
292
546
145
580
145
573
142
606
142
*
foo0056.jpg
99
264
235
209
100
199
169
189
103
167
136
167
197
323
246
280
211
304
243
278
251
277
302
234
252
161
336
161
256
267
310
223
301
158
341
158
327
368
372
368
384
372
422
373
444
370
482
370
446
164
481
175
482
176
547
194
483
370
527
370
496
374
545
374
578
371
639
371
*
foo0057.jpg
3
344
35
344
12
159
52
159
13
165
52
165
23
173
53
172
25
264
67
249
33
256
82
240
51
150
81
150
73
242
159
214
87
344
179
275
96
346
127
346
122
342
153
342
133
346
166
345
141
297
193
261
160
9
192
9
170
282
201
261
201
259
259
220
209
341
264
340
235
232
315
178
257
145
288
147
320
338
354
337
323
342
356
342
374
341
409
341
413
337
448
337
437
172
519
199
498
340
533
340
572
94
638
82
574
335
605
335
*
foo0058.jpg
0
145
30
144
14
255
94
229
31
364
84
329
36
312
73
312
41
140
74
140
42
308
79
308
74
335
118
306
80
144
112
144
89
147
121
147
98
313
164
270
117
306
163
276
139
142
176
142
146
145
176
145
153
283
216
242
162
273
315
174
162
208
200
195
255
305
287
305
261
146
296
146
268
208
306
184
281
308
345
308
415
304
479
304
460
307
497
307
494
188
564
214
502
307
547
307
578
306
627
306
*
foo0067.jpg
0
471
42
434
30
198
63
193
43
434
137
352
49
262
116
238
73
145
110
145
156
334
212
287
160
294
192
294
164
220
260
185
209
285
284
222
224
278
267
242
229
148
299
148
288
220
331
184
343
294
453
294
503
177
566
198
*
foo0068.jpg
4
463
60
416
28
443
67
411
32
270
67
258
59
318
164
318
62
142
132
141
70
407
101
381
90
146
144
146
99
144
137
144
110
373
151
339
138
232
193
212
155
336
188
309
170
318
343
178
179
148
232
148
189
308
346
181
230
153
298
153
248
137
279
136
258
149
303
149
261
321
323
321
280
318
329
318
354
318
459
318
414
322
521
322
481
168
537
187
603
319
634
319
*
foo0069.jpg
0
148
37
148
62
144
93
144
66
249
108
235
77
396
114
368
79
146
112
146
88
188
119
184
98
144
134
144
137
228
168
218
183
301
224
267
186
416
245
416
187
148
231
148
192
287
270
228
193
207
228
195
226
196
256
186
228
153
281
153
240
256
288
218
257
149
293
149
351
137
382
137
394
418
441
418
509
175
557
190
517
420
548
420
524
149
557
149
577
196
613
207
*
foo0073.jpg
1
446
38
416
15
271
60
256
21
144
81
144
30
424
72
390
46
405
98
364
57
262
89
250
64
398
141
333
94
244
188
208
155
153
190
153
156
224
198
207
159
313
217
269
159
319
197
289
181
210
250
185
202
286
253
247
219
269
251
244
221
151
267
151
225
139
273
140
238
254
272
227
291
209
348
164
*
foo0075.jpg
1
445
38
415
4
275
34
264
35
411
67
384
43
409
74
383
59
140
93
140
60
258
101
242
97
363
151
319
103
236
145
220
120
304
154
304
143
221
205
198
164
311
197
286
165
216
203
202
202
282
233
257
202
303
240
303
222
191
255
178
231
147
261
147
231
253
277
214
251
240
322
184
264
306
301
306
268
222
327
174
305
306
372
306
379
306
420
306
416
302
488
302
495
305
534
305
512
302
564
302
*
foo0077.jpg
7
465
64
417
9
339
45
339
31
271
101
246
64
338
103
338
75
150
116
150
81
400
112
374
106
153
145
153
140
231
176
218
158
337
189
311
180
216
213
203
186
338
270
338
199
209
247
190
208
342
276
342
221
286
276
243
237
270
310
209
269
182
311
165
275
243
322
205
347
343
428
343
414
340
479
340
455
344
513
344
473
137
504
137
498
160
532
161
500
151
532
153
604
149
636
150
*
foo0079.jpg
22
274
54
262
51
258
86
246
56
150
93
151
83
246
193
206
96
246
127
234
97
379
130
350
137
337
171
309
158
319
190
293
208
283
264
234
214
198
245
186
240
259
298
212
273
228
316
192
325
130
399
129
*
foo0083.jpg
10
367
50
337
12
151
50
151
62
151
108
151
126
284
176
284
169
246
201
222
284
142
344
142
414
169
475
192
440
152
500
152
451
148
482
148
494
282
524
282
509
146
557
146
512
151
551
151
512
278
543
278
572
280
613
280
584
144
620
144
602
140
635
141
*
foo0086.jpg
1
127
51
131
8
138
40
138
44
201
93
186
206
265
237
265
217
262
252
262
244
81
274
111
270
412
320
402
295
200
328
200
405
411
453
431
595
190
614
82
*
foo0087.jpg
104
425
139
417
262
305
292
311
486
119
578
119
525
8
597
1
585
113
589
82
592
63
596
32
*
foo0088.jpg
110
280
142
287
175
361
218
372
287
127
417
127
417
80
466
80
432
76
481
76
492
172
523
172
504
416
535
447
522
70
522
6
*
foo0095.jpg
14
398
47
398
160
185
190
185
211
153
247
153
221
260
275
260
264
147
363
146
296
152
343
152
369
214
405
262
471
392
515
392
476
388
507
388
480
163
512
166
480
251
545
248
*
foo0103.jpg
48
295
74
243
115
271
148
269
148
148
192
148
184
179
219
222
223
227
266
286
231
232
260
270
268
260
307
257
302
389
347
386
311
256
341
253
361
169
398
176
392
252
423
250
450
187
485
194
483
193
551
208
513
160
554
160
587
152
622
152
*
foo0104.jpg
29
153
63
154
29
158
63
156
31
163
62
162
44
257
74
260
118
337
173
324
141
268
174
272
146
166
266
166
152
169
223
169
154
136
188
136
212
311
297
290
215
313
272
300
262
143
302
141
274
136
327
136
346
146
388
146
421
116
453
116
431
144
485
142
433
139
493
137
*
foo0120.jpg
212
174
258
173
235
170
282
170
322
133
367
132
408
142
447
141
422
135
458
135
459
138
508
138
508
126
564
124
547
120
586
120
*
foo0125.jpg
73
154
129
152
160
142
192
141
285
148
322
146
321
140
353
139
420
141
462
139
500
147
535
146
544
123
579
120
606
136
639
134
*
foo0127.jpg
0
141
30
141
18
155
55
154
92
146
128
144
132
5
172
12
173
147
215
145
199
148
249
147
464
132
497
131
481
127
515
127
490
19
535
16
516
125
547
124
*
foo0129.jpg
7
136
76
136
88
129
150
128
156
128
189
128
193
126
229
126
237
142
282
140
265
122
299
122
354
140
386
139
371
121
415
121
432
120
466
120
524
127
558
126
549
130
581
130
577
119
607
118
*
foo0130.jpg
0
142
68
142
17
154
84
151
23
160
57
159
76
145
111
145
173
151
225
148
423
135
455
134
534
132
574
130
*
foo0132.jpg
37
159
93
158
39
140
74
140
92
151
143
150
135
144
191
144
136
139
168
139
178
155
211
153
242
151
357
145
358
144
390
144
359
83
390
80
403
104
438
100
482
142
514
141
515
141
552
140
*
foo0133.jpg
57
149
87
148
74
136
127
136
108
128
180
128
118
139
155
138
184
128
226
127
197
135
228
134
246
139
277
138
399
125
453
125
544
145
584
145
546
142
594
142
548
126
585
126
*
foo0134.jpg
17
151
51
151
64
143
108
143
67
158
100
158
79
162
125
162
96
150
140
150
101
157
134
157
136
144
232
144
180
138
221
138
284
146
316
145
296
153
335
152
305
139
347
138
353
142
394
142
428
148
469
148
436
152
468
151
459
144
492
144
486
142
542
143
*
foo0135.jpg
5
139
35
139
5
154
61
153
17
162
53
161
53
138
114
138
152
144
198
144
231
155
302
153
233
138
263
138
317
140
351
140
352
141
408
141
430
138
468
138
450
141
495
141
549
144
605
144
*
foo0136.jpg
16
175
55
174
56
168
105
168
60
156
96
156
161
180
206
179
241
177
291
175
249
182
279
181
259
156
298
156
282
165
316
164
295
174
351
172
341
161
374
161
375
161
418
161
376
175
408
174
391
158
447
157
433
162
507
161
590
165
623
164
*
foo0137.jpg
18
155
50
154
30
136
61
136
134
144
167
144
172
138
205
138
197
161
236
160
215
149
258
148
242
143
288
144
278
142
318
143
306
156
354
155
319
144
360
144
344
160
379
159
401
146
490
146
538
69
574
69
550
150
588
150
602
153
632
153
*
foo0138.jpg
52
154
83
154
84
138
116
138
89
166
126
165
116
151
162
149
232
141
285
141
246
157
288
155
289
155
320
153
340
156
373
154
344
142
407
143
446
144
476
144
456
424
488
415
501
146
571
146
*
foo0139.jpg
72
162
105
161
149
145
183
145
155
158
186
158
172
150
206
150
192
171
227
170
229
152
288
152
310
79
354
76
324
154
359
154
375
149
407
149
479
161
637
161
487
158
638
158
562
143
595
141
572
61
606
59
596
136
627
136
*
foo0145.jpg
0
179
32
179
38
113
71
113
96
95
152
96
278
180
315
180
279
175
311
175
282
9
316
8
290
65
324
65
317
7
370
4
319
180
412
180
339
73
369
72
371
4
405
3
423
180
472
180
599
168
639
168
*
foo0154.jpg
114
10
182
10
130
198
184
198
169
201
228
201
173
194
204
194
183
9
215
9
185
198
216
198
216
9
261
9
233
201
282
201
249
113
279
112
259
166
328
166
262
8
295
8
346
199
385
199
351
6
387
6
351
149
386
149
408
130
439
130
418
182
448
182
451
141
486
141
505
198
587
198
523
2
583
2
560
180
594
180
569
149
602
149
598
200
631
200
601
158
639
158
605
1
639
1
*
foo0155.jpg
4
182
37
182
18
17
62
17
31
192
62
188
36
216
93
216
39
220
126
220
44
118
75
118
54
214
84
214
78
88
109
89
91
72
124
72
126
17
172
17
128
74
162
74
135
135
181
135
140
147
186
146
236
33
268
34
252
215
295
215
262
16
305
16
311
198
357
198
325
210
376
210
344
127
376
127
353
165
383
165
371
215
417
215
373
169
442
169
404
221
434
221
428
214
479
214
433
196
470
196
435
220
507
220
469
14
499
14
525
14
629
13
554
157
614
157
555
17
593
17
558
221
593
221
597
161
629
161
*
foo0156.jpg
10
68
44
68
16
10
47
10
17
158
72
158
35
7
111
7
48
11
134
11
53
73
85
73
77
174
116
174
181
12
234
12
192
234
225
234
228
70
264
71
230
83
261
82
233
7
267
7
289
161
319
161
289
205
364
204
336
238
389
238
388
14
559
14
390
237
449
237
432
162
466
162
471
160
505
160
485
201
520
201
500
241
639
241
508
150
547
150
526
158
577
157
554
237
600
237
*
foo0157.jpg
0
3
39
3
46
220
81
219
69
154
110
154
106
242
141
242
120
237
167
234
159
151
192
151
170
247
203
245
212
7
267
8
214
169
246
169
249
210
301
208
258
166
316
166
271
169
344
169
277
243
308
243
305
208
352
209
320
258
390
258
392
12
462
12
433
130
468
130
438
257
474
257
449
174
488
174
473
204
507
201
484
256
515
257
494
13
538
13
563
180
596
180
588
260
620
260
594
157
639
157
597
162
638
162
608
173
639
173
*
foo0158.jpg
0
1
74
1
0
130
55
130
40
361
83
361
94
361
124
361
140
361
178
361
141
101
173
100
181
1
217
1
204
127
234
127
218
2
254
2
232
281
264
281
297
222
350
222
344
4
376
4
346
361
379
361
349
238
451
238
358
250
403
250
359
244
389
243
360
241
420
241
376
358
411
358
377
5
422
5
389
361
420
361
398
222
437
221
423
5
457
5
440
249
471
249
452
9
492
9
464
350
548
350
465
170
495
170
495
6
526
6
516
252
573
253
594
353
639
353
607
153
639
153
*
foo0159.jpg
25
172
59
172
72
71
103
71
134
103
179
103
137
98
174
98
145
109
175
109
153
129
185
128
164
250
205
249
185
53
216
54
246
164
278
164
310
243
344
241
330
130
368
130
334
163
367
161
387
288
438
285
407
298
444
298
429
66
482
66
433
64
463
64
574
239
610
238
*
foo0160.jpg
25
28
61
28
25
101
75
101
30
86
71
85
67
125
109
125
74
195
116
194
116
87
149
86
164
80
211
80
207
272
238
272
231
353
265
353
239
271
271
270
244
350
305
347
311
88
350
85
323
69
357
69
424
332
458
332
468
54
505
55
480
90
512
90
511
329
544
329
552
337
590
337
*
foo0161.jpg
266
148
299
147
331
125
362
125
335
112
374
112
408
122
447
122
527
96
567
96
532
90
567
90
537
62
570
62
590
160
620
160
*
foo0162.jpg
3
131
33
131
95
161
126
160
224
27
263
26
229
32
265
32
241
98
271
98
247
35
290
33
281
48
313
47
284
147
323
147
329
93
359
93
353
87
384
87
510
42
540
42
512
56
551
56
514
95
560
95
*
foo0163.jpg
0
106
58
106
6
26
43
26
16
85
48
85
31
162
62
161
84
161
128
159
133
114
172
114
141
88
184
88
149
68
181
69
203
146
236
147
251
145
284
145
501
46
538
46
506
48
549
48
512
96
542
96
592
98
623
98
593
154
623
154
609
133
639
133
*
foo0164.jpg
0
108
43
106
0
134
45
133
11
102
45
101
31
146
63
146
96
55
127
54
134
120
175
120
142
144
177
144
212
44
252
44
278
152
334
152
280
110
311
110
286
104
336
104
292
63
359
63
340
125
374
125
388
58
428
58
463
175
496
175
468
169
519
168
475
97
506
93
484
58
542
58
519
111
571
111
527
166
560
165
*
foo0165.jpg
0
193
101
193
51
111
114
111
53
109
87
109
54
162
114
162
72
144
109
142
128
220
169
220
158
56
189
56
206
206
251
206
212
120
256
120
217
126
248
126
223
138
255
138
227
109
266
109
248
122
282
122
273
204
305
204
428
200
467
200
456
218
489
218
485
135
522
135
488
16
541
16
525
212
559
212
555
201
597
201
564
157
598
159
*
foo0166.jpg
0
113
30
113
0
141
30
141
7
188
47
188
128
167
272
167
149
47
181
47
155
201
209
200
158
157
213
157
179
100
223
100
193
129
223
129
198
89
232
89
211
164
268
164
224
100
270
100
323
194
355
194
344
187
375
187
412
119
463
119
424
192
460
192
438
199
472
200
450
68
480
71
504
151
547
151
505
130
567
130
565
182
604
182
588
133
619
133
597
204
634
205
*
foo0167.jpg
0
138
59
138
0
186
50
186
0
190
38
190
13
176
60
176
17
181
48
182
30
106
60
106
37
210
80
210
140
114
198
114
145
80
183
80
145
85
185
85
153
98
188
98
161
112
197
112
169
109
199
109
186
85
242
85
200
74
249
74
200
87
257
87
232
115
263
115
246
170
277
175
336
184
376
184
375
173
408
173
393
141
441
141
420
85
452
85
427
112
464
112
427
183
478
181
448
201
491
201
534
177
566
177
536
208
575
208
574
135
618
136
576
23
616
23
597
172
636
172
*
foo0170.jpg
0
85
46
85
0
117
104
117
5
138
54
138
35
106
71
106
85
98
123
98
98
198
128
198
236
190
293
190
266
130
322
130
304
8
334
8
324
41
356
39
344
158
384
157
370
80
405
82
424
206
454
206
436
192
467
192
440
200
474
200
543
146
599
146
543
151
577
151
569
179
602
178
592
154
631
154
601
185
634
184
*
foo0171.jpg
21
195
67
195
39
136
76
136
50
107
84
107
52
118
89
118
157
1
193
1
262
8
303
11
269
130
303
130
312
194
350
194
353
146
383
146
369
90
407
90
392
199
423
199
417
187
452
188
456
88
487
88
*
foo0173.jpg
5
216
49
216
22
198
52
198
29
162
63
160
40
139
79
139
46
99
84
99
59
174
89
174
69
113
133
112
81
192
121
192
109
136
146
137
122
194
153
194
248
161
313
161
252
214
286
213
299
130
339
130
324
218
355
218
435
154
527
154
468
200
498
200
536
71
567
71
553
149
620
149
580
207
629
208
*
foo0174.jpg
38
201
78
203
96
51
127
52
100
230
131
230
126
201
159
201
153
214
190
214
177
198
225
198
213
66
255
66
216
120
277
120
224
204
263
204
242
209
278
207
333
201
363
201
339
206
369
206
373
28
406
29
378
146
415
146
410
224
448
224
421
188
477
188
430
215
484
215
505
143
535
143
512
141
557
141
512
151
543
152
607
63
639
63
*
foo0175.jpg
25
229
70
230
27
210
65
209
41
201
87
200
84
146
134
146
139
143
169
143
162
146
202
146
172
111
205
111
373
243
416
243
382
204
444
206
427
218
471
218
450
180
488
180
479
143
520
143
492
192
531
192
516
85
552
85
521
144
639
144
543
202
573
202
551
53
590
53
551
205
581
205
557
56
633
57
595
51
625
53
607
80
639
80
*
foo0176.jpg
2
252
37
251
19
221
65
220
36
224
94
224
51
139
83
136
61
121
91
120
114
200
144
200
152
259
182
256
192
196
227
196
253
209
294
207
266
204
311
204
301
353
342
353
308
182
356
182
317
239
350
238
320
132
366
132
352
241
390
241
372
172
470
172
372
174
407
174
381
225
411
225
399
141
471
141
428
186
484
186
487
139
521
138
539
188
594
188
540
146
609
147
554
219
590
216
604
126
639
126
*
foo0183.jpg
0
74
33
74
120
224
154
227
188
186
225
185
200
249
256
249
214
138
271
138
241
190
280
189
259
176
295
176
279
174
354
174
288
145
321
145
293
188
327
188
322
181
352
179
329
135
362
135
331
145
363
146
341
337
414
337
372
183
404
183
393
136
423
136
407
141
439
141
411
257
465
257
415
210
449
211
450
173
490
171
464
141
500
141
464
149
495
150
471
126
501
126
489
334
540
334
497
208
535
208
498
147
531
147
516
152
573
152
582
144
639
144
596
135
639
135
605
187
639
187
609
141
639
141
*
foo0189.jpg
32
153
70
152
81
214
118
214
102
128
143
125
112
190
143
190
150
211
187
208
166
190
219
190
248
244
278
243
265
109
298
108
282
144
338
144
291
181
322
180
301
133
361
133
321
358
365
358
385
135
429
135
421
171
459
171
435
135
470
134
440
148
477
148
456
326
508
326
460
154
511
154
497
202
534
202
587
163
622
162
601
128
631
128
*
foo0190.jpg
46
122
82
122
116
225
149
227
138
186
169
186
150
1
193
1
153
205
192
204
171
181
220
179
174
216
206
215
185
247
222
247
225
179
278
177
269
166
303
166
297
194
329
192
304
166
356
166
309
128
359
127
321
132
370
131
343
182
377
182
379
171
413
168
415
176
453
176
419
180
450
180
440
136
471
136
447
208
496
208
472
265
513
265
490
138
527
138
492
125
534
124
504
82
539
80
528
128
568
128
533
138
575
138
538
168
586
168
551
200
586
200
553
205
600
204
579
162
609
161
*
foo0195.jpg
21
173
54
173
47
179
99
176
54
145
98
145
168
139
200
139
223
154
262
154
383
165
419
165
397
169
436
169
424
273
465
273
440
106
479
103
528
281
558
281
543
298
581
299
548
59
584
57
587
161
624
162
*
foo0196.jpg
9
170
47
169
127
162
194
159
302
138
337
139
338
321
399
321
508
313
540
313
*
foo0197.jpg
64
178
102
177
310
166
345
166
317
115
358
113
360
169
429
169
409
109
461
106
410
287
440
289
494
146
526
146
577
161
609
161
*
foo0198.jpg
25
160
56
159
52
351
87
356
125
155
155
153
139
135
191
134
160
306
203
307
264
98
305
96
288
134
323
134
357
140
391
140
373
148
405
148
385
417
416
423
604
145
639
145
*
foo0200.jpg
7
163
46
163
25
171
69
170
94
152
132
152
162
144
193
143
263
139
293
139
284
144
315
143
295
137
327
138
358
148
404
148
*
foo0202.jpg
24
175
86
170
74
150
106
150
108
164
161
163
153
145
184
145
187
109
220
108
217
148
273
148
256
141
307
141
315
67
346
66
317
160
353
160
384
63
427
60
404
155
440
155
441
154
482
154
489
55
519
53
608
47
639
45
*
foo0204.jpg
0
162
33
162
4
166
61
166
19
182
77
182
56
161
90
161
80
166
113
164
130
164
186
164
183
156
240
156
228
177
259
178
315
183
347
183
389
170
434
170
403
159
435
159
422
62
458
60
469
170
510
170
*
foo0205.jpg
50
177
82
177
54
174
100
173
164
206
195
206
187
171
217
171
192
198
234
197
264
123
311
121
330
78
366
75
347
207
379
207
416
71
447
69
500
194
540
194
513
197
554
199
550
189
585
190
573
196
607
198
587
185
631
184
600
97
638
97
600
188
639
188
607
102
639
101
*
foo0207.jpg
70
215
102
216
109
164
139
164
171
113
201
112
283
106
317
104
381
167
412
167
400
232
439
232
487
231
517
233
541
241
575
242
*
foo0209.jpg
60
56
60
22
124
105
161
104
199
160
231
160
270
313
306
313
271
98
316
96
279
195
312
195
284
199
318
199
287
305
321
305
312
164
343
164
326
95
363
94
351
41
381
39
353
196
389
196
370
254
402
251
388
148
388
118
397
193
447
194
451
212
483
212
459
157
496
156
558
154
595
154
562
82
600
80
*
foo0210.jpg
0
222
42
221
0
236
31
235
58
100
90
100
69
265
101
262
86
258
121
255
88
270
123
270
141
171
172
172
157
417
191
417
199
162
239
161
263
208
311
208
264
91
298
90
278
162
309
161
292
30
324
28
310
160
343
160
319
294
357
290
322
166
355
166
361
86
395
85
377
164
409
164
414
210
450
210
430
170
461
170
444
214
475
214
465
82
495
80
500
78
556
76
511
156
551
156
549
207
588
209
558
160
591
160
595
74
630
72
600
160
633
160
*
foo0211.jpg
105
101
139
99
127
230
158
228
182
220
220
213
209
94
246
93
219
325
254
319
323
152
406
152
433
210
466
210
434
150
486
150
495
155
526
155
506
462
539
462
536
154
578
154
568
213
599
212
589
149
620
148
589
163
628
163
609
228
639
229
*
foo0212.jpg
5
171
37
171
35
123
69
122
43
42
63
78
187
65
217
63
228
171
262
171
302
171
413
171
326
177
359
177
335
53
381
49
361
305
402
305
394
260
429
260
423
170
502
170
431
45
475
41
447
294
477
294
455
180
507
180
464
260
521
260
486
176
529
176
525
171
555
171
531
183
561
183
547
175
579
175
554
262
590
262
565
288
598
288
580
174
629
173
*
foo0213.jpg
17
188
58
188
74
353
129
353
83
181
113
181
90
348
133
349
139
184
196
184
158
191
193
192
159
441
216
441
166
100
200
99
166
188
204
188
188
181
224
181
223
454
255
453
224
180
305
180
226
184
257
184
266
188
315
188
272
369
329
369
295
354
325
355
308
202
365
204
326
87
358
87
334
178
388
178
344
192
401
192
370
25
406
22
373
356
404
357
414
186
451
186
416
206
449
207
427
212
461
208
428
259
459
228
429
85
466
84
440
300
475
302
456
190
488
190
471
83
520
81
486
189
521
188
503
214
533
215
521
81
568
78
524
184
555
184
582
369
628
369
600
313
630
313
*
foo0215.jpg
8
310
38
310
12
156
55
156
22
175
55
175
38
197
87
197
54
51
98
49
60
172
94
172
69
241
115
241
75
155
111
155
111
186
154
183
143
205
177
204
182
321
214
321
190
220
222
217
194
152
251
152
206
43
243
42
255
186
296
186
269
164
312
164
290
151
322
151
302
217
337
218
304
236
343
238
316
469
335
422
323
166
356
166
325
449
343
402
340
384
355
343
356
159
386
158
362
332
374
301
372
163
417
163
377
171
443
167
380
290
398
246
395
257
413
207
416
148
416
105
463
160
497
160
465
249
500
249
490
200
531
200
503
242
534
246
542
198
589
197
550
158
582
157
553
186
600
186
567
147
597
146
571
204
603
202
586
281
619
281
*
foo0218.jpg
0
269
33
268
8
312
38
311
36
239
68
239
42
126
86
126
43
316
100
314
43
401
135
401
68
291
112
291
69
238
105
238
100
262
131
262
138
274
176
274
153
47
185
47
172
475
195
428
176
453
208
394
191
438
212
395
212
385
232
348
243
266
279
265
244
353
311
353
256
255
303
253
275
122
314
121
282
40
315
39
309
253
350
252
353
267
406
267
357
262
411
265
376
78
376
109
381
238
412
238
435
86
470
51
480
252
513
252
508
49
508
87
514
253
546
253
537
332
577
332
539
249
570
249
555
33
588
34
562
113
592
113
571
248
627
248
*
foo0219.jpg
3
322
33
322
81
129
112
128
87
417
119
417
89
200
89
168
108
327
145
326
124
355
201
355
128
244
163
244
143
387
177
387
168
244
201
244
176
279
206
279
176
313
220
313
197
284
234
284
204
165
205
208
258
423
272
393
269
399
285
367
291
288
329
286
295
265
326
264
323
144
323
186
328
122
366
121
343
38
373
37
386
159
387
199
396
354
429
354
433
290
468
293
478
332
513
332
546
263
589
263
566
265
624
265
567
332
600
332
571
200
571
231
572
68
572
37
585
260
639
261
592
26
624
25
*
foo0220.jpg
0
130
49
129
7
330
39
330
41
265
75
264
42
320
89
320
48
363
89
363
80
274
130
274
90
234
90
166
90
409
163
409
99
244
137
244
138
262
179
262
157
127
190
126
165
242
210
243
190
47
190
0
191
49
192
122
206
211
206
176
235
471
257
426
267
417
287
372
324
193
324
141
331
197
332
243
341
37
377
36
349
273
379
273
372
260
402
260
419
204
433
172
484
356
529
356
491
70
531
65
572
247
572
187
580
113
610
112
584
353
626
353
*
foo0221.jpg
0
130
73
129
0
292
66
292
0
296
34
296
33
280
89
280
41
264
77
264
69
128
111
128
90
243
90
209
98
244
137
244
109
266
139
266
124
274
158
274
141
355
176
355
191
51
191
92
211
42
249
41
212
164
213
199
251
123
297
123
255
430
273
393
256
40
295
39
266
320
307
321
266
418
286
373
290
264
327
263
299
286
346
286
317
369
350
369
324
144
324
184
351
286
388
288
379
77
381
108
410
354
442
354
451
462
496
462
469
331
500
331
560
350
591
350
571
154
571
194
577
164
577
194
585
260
629
260
588
353
639
353
589
265
625
265
597
350
631
350
*
foo0224.jpg
0
250
44
250
47
40
83
40
78
287
111
287
98
429
116
391
116
39
152
39
127
124
163
124
159
350
195
345
176
166
177
206
186
39
217
39
208
356
239
354
219
316
252
315
236
246
289
246
284
208
284
169
296
37
328
37
320
304
364
305
347
310
389
308
383
260
413
259
416
260
463
260
455
238
502
238
473
414
503
414
490
288
524
288
491
111
525
111
504
114
541
113
513
417
550
417
530
85
530
5
532
167
532
211
536
335
568
335
540
284
571
284
569
334
600
334
573
283
611
283
579
113
615
112
*
foo0228.jpg
20
127
57
127
23
132
80
131
24
281
59
281
67
328
100
327
90
221
90
251
142
390
191
391
211
284
263
284
217
317
248
317
218
353
273
353
221
35
251
34
277
33
330
31
314
281
346
281
331
318
393
318
335
394
365
395
356
272
356
199
403
393
435
397
428
401
458
405
472
192
472
162
597
117
628
116
630
246
630
195
637
281
637
203
*
foo0232.jpg
50
158
51
199
59
203
95
206
172
100
172
142
251
176
251
114
256
90
288
89
259
169
260
212
286
219
331
222
323
232
358
232
337
86
408
83
341
223
341
163
446
477
477
477
456
147
456
203
510
155
542
156
522
239
557
239
528
299
560
302
576
145
576
105
584
233
584
155
585
154
616
154
605
390
635
390
*
foo0233.jpg
1
241
53
240
37
267
89
265
76
305
106
305
163
242
197
239
190
248
223
245
191
242
221
241
211
89
241
119
215
275
245
274
229
375
259
387
257
92
301
86
269
313
305
313
384
244
418
244
396
137
399
189
397
73
435
68
462
92
463
125
477
61
514
56
495
321
528
321
511
254
552
260
541
206
571
206
549
294
580
294
*
foo0234.jpg
17
247
60
227
73
278
127
278
80
268
120
264
82
281
126
281
85
172
140
171
86
168
138
168
130
154
160
155
161
152
192
152
195
219
239
219
200
178
230
178
317
168
349
168
387
72
417
42
397
329
439
329
400
0
402
65
446
261
489
260
448
158
478
161
502
203
558
203
530
281
560
281
*
foo0238.jpg
76
235
117
217
111
281
157
281
117
167
152
164
155
171
206
170
164
154
199
154
207
224
265
224
228
41
230
119
231
219
278
219
243
44
244
91
262
280
292
280
266
156
298
156
284
353
317
353
442
94
442
0
445
112
445
74
450
137
450
69
483
409
516
410
498
180
538
181
512
205
556
205
537
215
583
215
*
foo0248.jpg
112
244
166
222
204
168
245
168
211
173
247
172
222
255
254
256
247
266
278
266
262
184
319
184
280
310
393
310
303
188
345
186
314
172
351
172
326
176
358
175
347
165
389
165
397
183
428
182
398
168
432
168
412
150
455
147
418
157
449
156
431
337
476
337
449
219
486
220
501
210
575
209
508
215
548
215
534
193
572
193
542
203
580
203
553
189
586
188
561
339
594
339
581
283
613
283
587
273
624
275
591
269
629
268
*
foo0250.jpg
70
234
101
224
88
169
127
168
111
191
142
190
151
177
183
177
232
194
293
194
243
223
274
221
308
207
348
207
315
164
347
164
340
195
370
195
356
208
391
207
369
200
411
197
380
186
435
184
410
152
446
152
411
282
420
319
441
186
484
186
488
154
518
154
552
208
595
208
*
foo0251.jpg
40
155
83
155
52
288
87
282
54
178
143
177
103
166
139
168
106
460
156
461
190
238
249
235
244
210
277
210
283
459
322
460
318
40
318
0
355
162
387
162
355
174
386
174
356
178
389
178
383
466
415
466
393
184
433
184
441
160
491
160
507
326
539
326
520
203
562
201
522
191
573
191
574
273
604
273
*
foo0252.jpg
0
158
32
158
3
273
43
260
5
174
37
174
11
409
58
409
23
261
63
248
58
417
88
417
70
183
143
182
93
251
131
245
112
273
189
272
129
196
185
196
137
268
203
264
154
181
185
179
156
219
189
217
162
406
196
406
221
165
253
163
223
262
290
258
229
438
266
438
254
337
285
337
269
179
311
179
321
184
416
181
326
179
368
179
330
216
364
216
360
128
401
127
385
249
415
249
408
188
452
187
413
223
459
223
419
267
493
260
441
184
483
184
453
377
493
377
465
255
501
255
502
259
535
256
503
228
544
227
506
390
541
390
509
204
548
204
511
81
545
70
532
199
577
199
543
329
594
329
554
326
607
326
561
305
610
305
592
202
639
202
599
334
637
334
603
218
639
218
608
254
639
254
*
foo0253.jpg
6
191
37
190
41
263
80
263
112
224
145
223
135
265
175
263
146
260
179
260
192
224
234
224
196
326
236
326
215
210
245
209
227
361
260
361
251
297
295
297
254
268
318
268
264
195
298
194
265
171
308
128
265
322
297
322
271
189
327
190
272
264
311
263
335
177
365
175
355
282
386
282
360
203
403
203
373
229
403
227
373
291
408
287
423
227
455
230
432
248
469
247
442
190
488
190
444
166
477
163
453
42
495
9
455
227
511
227
460
194
492
194
460
317
491
319
461
223
506
223
463
84
500
60
490
206
526
206
500
285
533
285
515
214
547
214
518
225
562
224
*
foo0254.jpg
2
233
42
233
16
58
17
89
27
67
29
116
69
246
105
245
77
321
137
321
127
213
165
213
146
262
185
261
150
425
181
425
171
200
216
200
181
50
211
56
189
196
220
196
201
192
260
192
215
209
245
209
256
65
256
15
281
190
340
190
311
282
342
282
313
266
345
267
343
208
377
206
353
160
401
160
364
165
396
164
377
240
418
240
387
318
417
318
414
337
448
337
416
202
447
202
416
252
450
251
430
172
472
172
450
226
518
226
467
213
500
213
472
165
502
165
507
280
540
281
512
203
543
203
513
329
572
329
517
199
554
199
530
215
566
215
552
225
592
224
556
205
604
205
557
305
603
305
565
417
604
417
568
228
598
227
568
268
598
268
596
289
639
289
602
321
635
321
*
foo0255.jpg
0
258
51
258
1
184
41
184
82
242
114
241
97
249
127
249
103
313
150
313
126
304
163
302
131
48
165
56
139
251
188
251
140
297
174
297
148
290
185
288
159
256
235
256
198
63
231
70
200
183
233
183
204
310
238
310
227
269
282
265
246
114
276
144
264
177
303
177
281
33
281
0
308
220
347
219
321
178
355
178
331
189
382
189
337
284
374
284
348
127
381
127
348
173
393
173
348
226
383
226
351
144
382
144
387
243
440
245
388
345
419
345
389
168
471
168
402
342
434
342
405
189
468
189
406
210
441
209
427
251
468
251
442
284
508
284
465
181
497
178
478
175
509
175
484
192
518
192
513
181
545
180
513
201
544
201
518
289
557
289
546
36
589
19
549
257
579
257
592
313
631
313
*
foo0256.jpg
39
374
71
374
81
265
111
265
131
337
231
337
136
14
167
22
211
38
255
48
213
273
245
273
217
35
268
49
254
202
290
202
262
165
293
164
278
39
281
0
287
118
319
108
296
167
348
167
319
169
354
169
334
270
364
270
336
182
371
181
341
176
379
176
344
209
381
209
373
118
407
118
374
195
415
194
376
141
411
140
406
265
437
265
417
273
523
273
421
377
455
377
430
246
465
246
446
128
479
123
446
153
477
152
447
160
501
159
448
172
481
172
459
270
502
270
501
158
535
156
504
222
535
223
539
34
607
13
539
210
576
210
544
181
582
181
546
177
591
176
547
186
578
186
547
192
584
192
569
119
601
119
573
377
604
377
*
foo0263.jpg
128
248
163
248
132
304
234
242
132
303
163
284
148
84
148
115
153
253
185
251
161
92
163
125
172
232
214
232
173
133
173
75
173
202
210
202
175
310
210
310
185
118
185
153
193
93
193
141
197
225
241
225
210
262
258
262
210
448
242
448
219
313
272
313
231
276
266
276
240
199
277
198
245
192
300
172
247
265
291
265
248
243
286
243
265
298
302
298
274
59
274
4
276
445
307
446
278
55
278
21
355
297
388
297
387
162
425
161
404
172
434
172
409
236
462
234
416
205
467
205
424
178
467
178
427
245
479
245
433
169
473
169
467
200
504
200
485
164
540
162
486
218
524
215
492
320
523
320
504
202
552
202
516
231
609
230
520
186
575
186
527
78
558
66
568
417
600
417
607
297
639
297
635
152
635
120
*
foo0270.jpg
0
170
30
170
3
383
41
361
17
278
76
257
28
107
29
155
30
367
98
326
32
255
88
236
60
230
90
228
69
119
70
185
82
72
83
111
100
49
102
133
105
6
141
19
112
248
150
234
123
301
156
283
125
310
177
281
126
42
128
99
127
258
176
252
150
438
187
438
178
279
209
260
184
310
224
310
191
241
231
238
203
97
203
131
204
137
204
167
212
442
253
443
213
385
254
385
220
276
276
277
226
216
263
215
236
96
236
134
237
313
267
313
241
81
241
116
242
122
242
163
250
62
250
14
251
71
252
141
256
249
299
249
262
439
296
439
277
12
277
56
277
242
330
241
280
24
282
75
284
382
314
382
318
59
318
0
320
0
321
59
321
233
355
233
332
216
371
216
332
272
363
271
351
171
384
172
355
47
355
84
357
14
358
83
384
347
389
314
391
195
427
193
403
272
434
273
405
163
435
162
416
237
460
235
420
232
452
232
430
250
465
248
454
409
491
409
456
246
490
246
465
198
502
197
481
165
511
164
493
406
535
406
498
181
528
178
509
225
543
225
517
187
572
186
517
232
551
232
538
334
568
334
539
203
571
202
553
264
586
264
567
231
608
231
567
297
598
297
583
186
614
186
*
foo0271.jpg
8
383
87
335
13
288
44
276
25
135
25
61
29
275
62
263
62
250
92
246
72
233
106
231
82
6
129
23
116
265
174
265
124
100
124
60
132
87
132
40
142
45
143
90
148
299
206
262
153
305
214
305
156
178
198
178
184
46
236
69
191
262
223
245
194
112
194
58
207
215
239
203
219
123
219
72
240
302
274
302
250
136
250
80
261
268
310
264
263
313
293
313
275
246
306
244
299
222
341
220
350
224
394
219
358
228
388
228
361
171
401
171
384
184
443
186
384
209
435
207
405
366
435
366
406
200
440
199
426
181
462
181
435
233
487
232
443
269
509
269
463
308
500
308
493
224
526
224
503
235
538
229
564
223
604
223
585
305
622
305
593
204
631
204
608
278
639
278
*
foo0272.jpg
0
300
34
297
0
363
64
318
1
267
39
256
20
266
54
254
29
263
60
253
42
318
82
298
75
311
117
289
80
28
82
84
83
316
117
314
121
54
122
95
137
278
180
256
145
248
175
248
147
48
149
94
159
97
160
134
167
30
219
56
172
229
227
227
187
303
254
296
194
126
195
161
210
284
244
282
210
382
252
382
211
289
254
287
219
257
259
256
229
114
229
68
246
197
287
197
272
369
303
369
278
213
314
213
286
226
321
226
306
255
336
254
311
248
354
247
312
218
342
218
312
369
347
369
326
14
326
45
328
181
390
181
330
199
374
199
335
224
378
224
336
191
367
191
338
40
338
78
344
194
375
195
345
213
384
213
352
235
391
235
368
216
420
216
368
282
403
282
380
366
423
366
401
220
433
219
407
203
439
203
409
192
454
192
423
248
454
246
427
366
459
366
431
272
464
272
434
337
494
337
435
257
466
257
443
334
473
334
444
240
479
240
447
186
507
186
486
221
521
220
491
235
521
236
499
337
558
337
521
247
553
247
537
219
569
219
541
254
575
253
545
305
599
305
548
210
594
206
555
302
595
302
556
215
589
215
*
foo0274.jpg
3
343
35
326
8
161
8
128
9
259
41
254
16
278
93
273
17
109
17
79
17
139
17
173
22
379
52
379
25
244
69
231
37
1
74
14
39
110
40
161
55
251
88
239
75
361
112
361
84
263
126
263
96
302
140
277
109
109
111
155
119
30
153
42
158
110
158
140
177
262
301
262
184
104
186
143
189
266
240
266
190
121
190
83
193
181
226
181
238
274
275
273
262
236
293
239
267
199
305
199
284
305
351
305
287
273
338
271
294
266
337
266
326
186
366
186
359
296
393
296
381
272
415
272
384
226
417
228
395
184
426
183
403
223
437
224
406
257
452
261
426
286
469
286
429
210
466
209
450
184
485
184
479
179
510
174
482
233
520
236
523
241
558
241
555
48
605
20
*
foo0275.jpg
9
396
75
361
20
398
58
398
22
377
56
358
27
185
76
185
59
81
59
114
63
26
66
60
67
473
98
473
88
32
92
68
107
369
155
369
107
454
137
454
113
141
144
136
125
314
161
265
149
473
198
473
181
172
216
172
191
238
228
238
193
151
227
151
245
147
279
147
247
206
283
206
267
160
319
160
276
225
313
225
277
434
307
436
278
155
339
154
304
38
304
8
305
473
337
473
326
94
326
48
330
146
370
146
371
145
408
145
379
154
418
154
397
230
445
230
407
173
443
170
412
400
462
400
425
144
458
144
440
150
472
150
453
152
503
152
459
144
513
142
461
222
501
222
473
155
512
155
484
398
601
398
492
241
556
241
498
237
528
237
516
454
549
454
521
157
571
157
531
97
571
80
536
334
584
334
562
160
607
159
603
209
637
209
*
foo0276.jpg
13
159
14
117
16
271
52
269
36
213
66
212
37
256
75
255
39
224
82
224
53
268
91
267
70
151
71
112
83
360
131
359
155
208
199
207
161
250
202
250
170
275
206
273
232
252
287
252
260
65
260
97
275
220
312
219
281
13
283
46
282
224
314
224
287
475
296
440
302
131
302
64
322
354
364
354
324
244
357
244
358
217
388
216
359
200
396
199
378
193
427
193
400
226
438
226
405
198
447
197
448
220
497
220
471
312
506
311
481
361
522
361
482
158
483
125
507
241
540
241
507
317
543
317
509
218
554
218
522
326
555
326
526
234
558
233
533
312
573
312
555
374
597
374
602
124
602
91
603
238
633
238
*
foo0277.jpg
25
298
68
299
28
312
61
310
40
268
85
254
82
252
114
242
89
281
120
281
96
353
134
353
136
129
137
160
145
295
185
295
173
284
224
284
178
134
179
91
178
382
228
382
183
385
220
385
196
279
234
278
215
265
260
265
221
358
251
357
221
393
264
393
223
340
254
340
235
297
266
295
259
287
298
287
262
260
297
260
298
264
363
264
343
220
380
219
346
253
378
253
347
347
379
348
351
215
406
215
363
188
407
188
364
386
394
386
385
184
433
184
387
280
424
280
389
338
423
338
519
264
550
264
543
256
576
255
554
67
554
31
585
24
639
24
592
314
622
317
594
130
594
84
595
353
639
353
*
foo0278.jpg
8
302
64
302
13
305
90
305
62
467
94
467
160
209
196
209
178
205
221
204
222
266
278
266
255
467
311
469
268
201
316
199
322
198
356
197
362
417
364
386
377
310
407
307
380
257
434
257
390
146
434
146
458
144
500
144
473
141
507
141
477
273
537
273
507
306
546
307
543
257
594
257
593
105
594
41
622
122
625
81
634
88
635
39
*
foo0279.jpg
81
382
129
382
135
225
206
220
144
208
189
208
275
215
328
212
384
142
417
142
389
144
434
144
419
206
457
203
440
358
474
358
464
142
505
142
512
366
548
366
*
foo0280.jpg
96
278
183
271
188
270
244
266
279
262
335
258
336
258
366
255
419
438
423
468
465
246
521
242
*
foo0281.jpg
0
285
118
285
74
354
110
350
94
247
185
212
119
349
181
342
182
341
251
333
290
327
365
318
387
315
427
311
405
178
458
176
424
141
486
139
428
144
461
144
430
310
467
306
482
174
516
173
559
297
634
290
602
46
639
46
609
157
639
160
*
foo0282.jpg
1
292
77
266
5
334
61
334
33
84
34
114
40
73
41
114
62
334
98
335
82
264
139
242
105
96
106
133
144
8
145
52
150
86
151
125
156
240
192
227
202
6
204
64
207
223
257
205
215
110
216
149
228
3
258
3
258
27
260
120
264
0
264
32
269
32
269
73
276
46
276
102
282
24
282
55
284
48
284
0
310
0
310
34
313
133
313
166
316
104
316
140
317
340
350
340
338
130
338
85
341
116
342
156
357
101
357
146
467
242
506
318
475
267
494
305
572
160
638
168
579
440
637
431
603
52
639
52
*
foo0288.jpg
75
147
108
146
75
151
136
149
95
212
133
206
167
48
197
48
187
57
218
58
198
49
231
49
224
175
298
184
267
364
301
360
272
80
304
80
272
89
302
89
280
78
317
78
285
71
320
71
294
54
337
54
304
141
366
141
309
67
356
67
327
59
361
59
341
271
507
325
344
267
388
282
431
296
469
308
438
238
474
236
448
130
479
130
455
304
486
314
456
141
495
141
496
139
526
139
529
141
587
141
541
230
583
228
541
337
619
365
565
145
621
145
592
198
639
198
599
323
639
318
*
foo0289.jpg
27
262
83
256
49
360
84
373
83
139
133
139
235
390
267
381
288
232
324
228
293
367
331
357
394
343
428
334
413
220
475
224
423
13
455
9
527
229
566
231
529
305
597
289
533
308
584
295
*
foo0290.jpg
0
270
50
270
2
158
62
158
42
143
77
143
53
273
202
273
117
270
157
270
136
158
167
159
216
274
272
274
235
177
271
171
271
156
311
155
337
169
373
169
381
277
435
277
382
196
413
196
389
176
422
176
450
142
482
142
452
139
484
139
457
278
491
278
471
178
503
178
575
196
622
196
575
281
625
281
*
foo0292.jpg
11
406
48
406
154
406
186
406
213
71
266
71
221
409
259
409
252
175
287
174
254
227
286
226
256
404
287
404
263
409
323
409
293
167
338
165
330
186
364
186
369
403
401
403
375
398
440
398
416
240
450
245
448
398
486
397
496
401
527
401
555
248
586
252
559
401
615
401
*
foo0294.jpg
46
219
76
212
77
211
189
185
230
145
230
49
254
142
254
71
254
416
274
374
257
420
279
373
260
146
260
108
264
228
294
228
266
278
298
277
277
65
322
65
296
198
328
198
303
184
338
182
338
302
368
302
368
323
404
323
394
165
430
164
426
321
468
321
492
283
526
289
547
305
577
305
592
224
630
224
*
foo0295.jpg
3
241
61
227
62
227
105
216
187
303
217
304
222
80
222
130
228
87
229
147
229
209
261
210
265
97
266
138
277
174
311
174
279
46
317
45
281
427
300
383
298
116
298
74
305
272
337
272
338
260
404
260
404
284
437
285
418
105
418
139
497
296
527
296
519
470
549
470
570
268
601
268
570
473
605
473
*
foo0299.jpg
17
79
17
2
51
191
87
181
101
433
149
433
126
58
126
0
171
399
204
399
198
98
198
29
254
369
287
369
278
130
331
130
283
201
317
201
332
131
366
131
350
62
393
62
416
171
451
172
419
436
421
474
424
398
458
398
503
194
533
195
508
151
554
151
587
209
621
209
606
144
639
143
*
foo0301.jpg
34
88
36
131
59
221
122
202
123
202
156
192
178
183
208
173
198
47
229
47
208
51
248
51
208
54
245
55
216
171
258
158
274
155
304
155
280
7
337
7
280
11
342
11
282
15
342
15
285
59
338
59
306
55
351
55
307
155
351
155
324
160
356
160
449
313
506
313
478
222
512
222
489
266
525
266
517
215
564
215
537
284
572
288
583
236
617
235
*
foo0304.jpg
220
129
272
129
232
164
265
151
338
128
374
128
356
35
410
35
395
31
427
31
*
foo0309.jpg
0
5
1
42
2
42
2
84
5
150
5
58
100
280
136
280
105
210
229
172
130
166
163
164
140
141
140
67
162
276
193
276
206
101
206
20
206
275
279
274
308
14
350
14
317
17
358
16
319
274
355
274
333
144
397
144
412
197
450
297
426
253
440
301
430
14
466
14
442
306
454
347
450
299
463
333
523
272
559
272
586
174
626
182
588
168
627
168
*
foo0312.jpg
14
272
59
254
50
257
89
241
90
241
136
222
96
241
128
240
203
473
320
473
235
262
291
262
277
210
333
209
311
214
342
214
333
147
397
147
339
262
451
262
368
474
402
474
435
152
435
120
442
160
482
160
484
200
522
230
512
206
546
206
565
215
603
215
566
270
605
304
573
228
611
231
582
240
615
242
*
foo0313.jpg
4
44
9
126
51
83
52
115
94
257
129
257
96
20
98
65
114
228
233
182
166
249
241
249
220
73
222
125
244
252
276
252
264
246
297
246
336
24
386
23
337
77
378
77
436
44
437
104
444
164
489
165
473
38
473
72
474
154
474
88
475
156
511
156
492
176
537
176
503
164
541
164
553
225
588
223
568
248
608
248
*
foo0314.jpg
30
278
64
264
38
109
40
160
78
259
141
235
89
48
92
119
92
160
147
160
129
154
159
155
155
229
218
205
188
382
263
382
218
206
272
185
221
388
260
388
252
172
283
172
261
168
299
168
341
46
379
46
342
30
376
30
343
161
383
161
364
334
395
334
420
170
455
170
431
385
505
385
451
176
482
176
472
124
472
21
513
111
513
47
514
163
514
112
*
foo0321.jpg
35
392
102
352
96
350
130
330
197
227
249
228
291
230
343
230
400
35
432
32
405
74
440
72
411
232
458
233
434
166
534
163
445
137
476
137
503
96
541
96
*
foo0322.jpg
63
416
93
386
70
256
103
258
216
263
286
266
230
46
233
87
232
31
238
0
317
54
330
0
320
268
358
268
438
70
477
68
461
281
492
281
475
7
541
1
492
278
524
278
493
26
525
24
*
foo0323.jpg
121
242
169
242
167
209
200
198
168
167
201
160
182
160
219
153
231
242
279
242
267
182
298
181
280
243
367
243
334
160
371
158
381
243
429
243
394
178
437
177
405
156
480
153
439
243
482
243
447
239
478
240
470
158
502
157
531
243
589
244
*
foo0324.jpg
47
251
89
237
52
194
91
186
53
348
102
348
95
185
146
174
110
24
113
55
114
22
123
108
118
227
150
216
126
194
167
189
131
182
161
175
180
349
256
350
252
188
294
185
257
350
309
350
295
186
332
184
304
210
336
209
314
176
359
174
333
183
372
182
361
173
398
172
376
346
530
346
450
343
492
343
483
353
538
354
517
174
549
173
539
355
600
356
555
207
610
267
*
foo0325.jpg
3
72
12
176
9
203
57
193
10
130
14
178
120
251
156
250
158
201
198
199
191
211
221
210
236
317
265
278
248
246
287
245
325
191
423
186
458
281
478
326
*
foo0326.jpg
0
321
43
318
5
180
52
178
23
265
74
214
67
321
115
318
83
182
117
181
177
177
224
175
199
169
233
167
276
108
311
73
334
46
372
8
410
189
443
188
431
303
469
301
*
foo0327.jpg
0
154
55
144
29
254
108
254
32
187
67
186
109
253
160
252
233
248
283
248
263
250
528
250
305
158
335
157
383
247
420
247
424
247
456
247
447
256
484
256
532
250
564
250
589
246
619
246
*
foo0328.jpg
30
241
96
241
114
212
154
200
122
241
158
241
154
198
187
198
201
187
231
186
295
456
340
456
302
422
337
422
324
242
355
242
338
422
394
422
363
239
403
239
373
179
417
178
400
242
473
242
462
240
520
240
518
244
569
244
541
458
578
459
*
foo0329.jpg
146
289
226
292
157
287
201
287
175
63
178
115
237
26
239
60
248
46
253
148
255
66
256
96
332
174
378
174
333
203
370
204
369
164
430
162
413
173
486
172
424
206
470
206
434
162
481
161
442
289
472
290
485
294
521
294
530
208
579
210
533
159
567
158
564
305
596
306
*
foo0334.jpg
131
269
187
274
188
274
233
278
312
287
345
290
409
297
445
300
460
302
497
305
488
38
491
97
558
312
592
315
*
foo0335.jpg
26
259
81
249
37
387
87
398
131
410
163
417
140
238
206
226
165
174
203
174
226
222
263
215
293
177
355
177
374
188
404
185
404
108
405
145
405
174
451
174
502
121
502
37
503
183
534
183
535
182
586
182
*
foo0336.jpg
17
244
48
244
71
246
151
247
85
125
86
181
132
186
196
186
186
194
237
194
190
239
239
225
205
251
242
251
239
192
269
192
268
251
316
252
353
236
451
190
452
254
491
255
470
258
501
259
519
185
573
185
567
182
639
182
*
foo0338.jpg
97
5
106
86
100
186
136
178
103
355
136
355
105
28
112
96
106
191
172
174
117
256
184
224
125
165
155
166
137
178
172
170
211
185
242
180
260
356
298
356
407
358
459
358
409
184
456
184
434
209
476
208
515
177
545
176
520
360
559
360
602
361
639
361
*
foo0339.jpg
87
126
91
177
172
208
218
197
221
78
224
128
223
33
224
64
225
124
228
172
227
201
264
192
298
181
344
172
437
250
475
250
485
250
517
250
491
190
528
189
529
208
588
208
567
187
609
186
*
foo0343.jpg
13
177
43
174
73
73
77
119
137
226
168
225
248
261
289
225
251
219
321
216
285
84
348
81
308
43
343
41
346
214
402
212
398
38
444
35
400
267
431
266
416
14
457
12
444
92
481
82
446
34
491
31
461
8
498
6
505
262
535
261
554
8
584
7
560
116
592
115
*
foo0351.jpg
6
41
43
41
44
95
86
95
151
216
195
215
272
216
367
216
345
210
379
210
390
37
421
36
422
35
461
33
425
209
470
208
489
134
526
134
490
131
523
130
559
209
612
209
574
205
627
205
*
foo0352.jpg
7
248
42
239
83
228
124
218
85
251
137
251
154
151
187
144
172
249
223
249
176
204
219
193
196
28
241
26
224
249
275
249
244
96
275
96
256
184
319
168
258
1
290
1
278
96
322
93
293
171
335
160
340
42
384
41
416
38
450
37
423
246
639
246
468
11
502
10
477
136
509
136
477
140
514
140
*
foo0353.jpg
65
353
100
353
72
29
106
28
74
86
109
86
100
75
150
74
112
354
172
353
122
79
155
80
176
72
218
72
194
24
224
24
199
172
229
163
204
6
235
6
204
353
234
352
252
24
290
24
268
342
303
342
291
129
329
127
341
68
371
66
343
342
415
342
359
132
398
132
360
1
396
1
361
44
396
44
451
30
487
30
564
345
595
345
599
345
639
345
*
foo0354.jpg
61
29
100
28
79
4
140
3
98
27
132
27
111
188
143
178
159
73
190
72
159
174
203
162
200
46
231
46
254
104
285
104
275
23
323
22
282
94
322
94
291
97
323
97
325
25
360
25
334
343
334
313
335
67
367
66
336
273
336
241
339
300
339
270
340
120
340
85
340
270
341
234
340
341
340
301
340
467
340
431
360
123
395
122
454
42
485
42
*
foo0357.jpg
20
238
68
224
37
68
70
67
101
22
138
21
112
210
149
200
220
180
257
170
228
72
259
72
256
170
296
160
265
64
305
63
344
11
415
8
385
59
449
57
397
115
430
114
425
10
464
9
435
113
478
112
454
430
454
394
529
118
573
118
*
foo0358.jpg
55
33
93
33
75
30
108
29
121
74
157
73
147
203
204
187
205
187
238
178
256
49
302
47
260
2
312
1
274
37
308
38
310
25
368
25
340
124
382
123
423
159
426
190
440
128
477
128
441
120
485
120
445
40
486
40
452
59
485
57
581
104
620
105
584
16
623
16
*
foo0362.jpg
44
56
102
56
51
3
106
3
53
30
91
30
80
204
124
188
134
6
174
6
142
2
205
2
144
58
185
58
152
55
184
55
153
32
184
32
222
33
309
33
229
29
270
29
278
79
312
79
282
28
333
28
313
78
345
78
315
413
315
380
317
100
317
133
318
291
318
251
322
134
362
133
346
143
395
143
352
73
390
73
360
54
390
54
410
2
458
1
429
138
460
138
452
160
496
176
497
112
540
112
567
70
608
70
574
16
614
15
*
foo0366.jpg
12
25
46
25
64
128
120
128
81
108
112
107
87
66
140
66
107
61
142
61
142
65
219
64
181
126
265
126
184
40
230
40
195
59
229
60
196
17
229
17
229
18
312
17
257
104
297
103
298
124
334
123
304
103
355
101
312
62
360
62
368
14
399
14
389
36
427
35
402
31
439
31
412
38
450
38
412
59
449
59
437
17
474
17
503
119
539
119
507
104
541
108
508
134
564
134
565
134
616
136
*
foo0370.jpg
13
43
45
43
14
40
45
40
29
98
67
98
46
40
76
40
47
108
86
108
51
43
82
43
85
66
125
66
102
92
147
92
114
10
157
10
119
174
297
174
126
129
163
129
156
96
191
96
168
120
216
120
192
68
237
68
193
91
243
91
208
12
256
12
222
8
267
8
242
37
374
35
268
41
324
41
317
94
365
94
344
31
395
31
382
34
414
34
406
61
437
61
407
172
441
172
433
87
478
87
434
129
475
128
479
215
511
212
500
158
534
158
522
170
566
170
525
30
560
30
535
96
566
96
540
228
581
231
583
102
626
98
*
foo0372.jpg
92
28
129
28
103
96
142
96
108
90
154
90
117
150
150
150
176
193
208
192
191
201
290
224
194
199
235
209
204
26
245
26
270
153
316
161
274
28
328
28
285
33
333
33
288
86
319
86
299
224
332
231
316
96
349
96
324
102
354
102
334
31
364
31
415
225
451
225
437
178
470
177
452
225
519
226
487
223
610
223
564
170
598
170
607
229
639
229
*
foo0373.jpg
38
189
87
185
47
301
91
301
92
300
170
300
122
106
154
106
164
178
247
171
184
208
226
213
205
299
305
299
221
86
265
85
231
142
263
141
286
108
340
108
317
166
357
163
360
107
443
107
362
162
400
160
391
236
435
241
410
299
484
298
418
158
455
156
442
110
486
110
444
106
532
106
505
298
639
298
512
110
571
110
545
147
582
145
*
foo0374.jpg
0
125
31
125
42
370
98
375
62
368
94
371
137
376
171
379
144
135
227
136
144
380
186
384
182
129
239
130
209
125
245
125
227
385
285
392
242
138
335
138
245
124
283
126
247
129
294
129
265
163
310
158
266
394
311
399
292
133
330
133
317
400
349
403
330
127
386
127
332
144
375
144
363
135
400
135
391
407
449
414
407
140
546
140
429
144
469
144
511
252
567
252
523
424
553
428
546
246
639
246
*
foo0379.jpg
39
158
74
157
48
149
87
149
51
167
93
166
97
166
127
166
119
148
248
148
142
165
177
165
189
165
228
165
223
154
276
154
255
164
302
164
303
163
380
163
437
161
493
161
*
foo0384.jpg
2
138
41
138
16
199
53
198
16
208
58
206
36
256
66
259
41
144
78
144
51
191
90
190
59
206
97
206
108
136
148
136
111
262
194
273
114
89
148
88
126
139
308
139
138
269
168
273
149
135
202
135
172
162
209
161
178
129
224
129
233
281
288
288
237
198
270
194
245
279
288
285
287
135
338
135
292
286
326
290
293
289
338
295
316
191
349
190
320
129
385
129
339
295
409
304
342
135
459
135
346
138
497
138
348
154
394
154
354
294
409
301
408
128
518
128
421
188
455
188
437
152
468
152
456
311
527
321
480
153
533
155
486
207
525
207
488
199
522
199
492
146
542
146
498
139
559
139
532
160
579
160
537
319
576
324
567
211
602
211
577
200
607
200
593
135
625
135
*
foo0386.jpg
0
321
38
321
1
145
36
145
98
151
150
152
100
278
145
278
142
320
180
320
178
329
222
329
182
312
215
312
226
318
270
318
246
144
280
144
272
140
318
140
279
154
351
154
324
250
356
250
352
155
388
155
398
151
437
151
404
49
404
0
411
141
443
141
447
141
479
141
449
151
539
151
457
259
491
259
492
256
522
256
514
156
639
156
560
141
623
141
*
foo0387.jpg
0
241
30
239
19
13
60
14
139
140
196
139
157
401
190
395
178
248
219
244
204
106
246
104
247
241
300
251
275
101
309
99
321
144
352
144
334
254
365
261
359
263
395
270
376
93
415
90
376
211
407
211
397
271
436
279
426
89
468
86
428
143
460
143
461
136
530
136
494
217
540
215
526
298
605
316
583
107
623
106
606
136
639
136
*
foo0388.jpg
56
114
89
113
79
371
110
366
114
39
157
40
199
138
243
138
278
136
315
136
283
261
320
266
308
145
369
145
348
274
379
269
370
146
412
146
393
90
424
87
428
136
521
136
430
277
460
274
461
305
494
305
475
131
606
131
484
148
524
148
487
321
542
321
499
78
530
75
538
148
573
149
599
313
634
313
607
132
639
132
*
foo0389.jpg
100
37
134
39
119
127
195
127
137
33
180
35
143
217
186
233
159
132
200
132
159
222
190
234
165
164
200
165
254
261
292
275
268
161
319
161
270
263
330
286
272
268
302
279
303
167
353
168
334
291
368
304
404
319
458
340
424
162
486
162
504
161
545
161
559
378
618
400
573
163
627
163
577
381
623
398
*
foo0393.jpg
6
190
48
177
7
38
85
38
16
104
53
104
47
24
78
24
220
25
262
25
251
20
300
20
257
164
314
200
257
168
308
200
260
93
302
93
333
216
440
286
334
213
388
247
336
132
400
132
347
222
406
259
410
111
410
0
411
22
449
22
412
263
457
292
426
132
469
132
433
128
473
128
439
284
486
314
502
318
549
346
575
368
612
392
599
383
636
407
*
foo0403.jpg
35
10
69
10
73
86
112
86
82
9
116
9
101
226
131
218
106
56
142
55
118
58
154
58
149
15
193
14
152
89
191
89
153
212
189
200
205
113
235
113
214
13
317
11
225
6
290
6
270
174
300
166
271
85
302
85
327
378
357
378
412
82
446
82
459
89
489
89
476
82
516
82
489
90
524
91
492
96
532
96
501
370
545
370
508
84
543
84
512
112
542
112
560
110
590
110
*
foo0404.jpg
84
48
136
48
84
52
130
52
132
180
169
172
150
16
198
16
154
111
184
110
191
19
229
19
198
14
323
14
205
16
239
16
228
33
270
33
232
90
269
90
233
19
266
19
244
164
278
156
271
19
306
19
274
30
305
29
355
9
409
9
360
88
397
88
374
3
422
3
405
246
409
210
426
134
456
134
433
86
516
86
445
2
480
2
479
136
515
139
489
88
534
88
537
112
568
112
538
97
568
97
542
86
575
86
565
152
602
154
572
94
611
94
574
132
639
132
609
114
639
114
*
foo0407.jpg
55
1
96
1
100
185
103
231
105
283
107
313
107
87
140
88
107
268
109
298
112
411
113
448
133
97
187
97
165
5
211
6
168
92
200
92
232
104
278
104
257
8
292
8
265
135
320
136
273
114
311
114
318
15
371
16
354
94
384
94
364
146
394
148
372
133
404
133
392
138
433
138
408
102
441
102
601
247
639
255
*
foo0420.jpg
160
307
199
273
213
260
248
229
218
48
253
48
259
26
307
26
260
4
342
4
295
68
351
68
306
44
361
44
322
105
371
105
334
3
435
2
342
22
374
22
376
22
410
22
381
46
412
46
386
64
454
63
425
45
538
44
431
66
511
66
459
42
492
42
468
23
499
23
505
144
577
144
517
62
549
62
537
99
567
100
542
40
599
39
572
61
612
61
575
95
614
95
580
77
610
77
*
foo0423.jpg
1
56
32
56
46
56
76
56
114
295
147
267
183
50
259
50
184
47
231
47
185
238
225
206
194
23
226
23
226
143
257
142
231
20
362
20
273
23
313
22
279
57
313
56
284
46
321
46
314
23
354
23
325
92
363
92
331
136
374
136
357
48
398
48
413
45
443
45
417
88
477
90
423
54
453
54
427
118
472
119
432
18
474
18
441
48
476
48
447
44
479
44
448
80
479
82
478
148
540
148
506
43
545
43
512
96
549
96
557
142
610
140
582
19
619
19
*
foo0425.jpg
59
15
90
19
76
50
116
50
131
19
164
19
142
203
186
174
152
50
187
50
201
47
240
47
202
22
250
22
204
19
248
19
328
22
413
22
344
92
382
92
379
19
472
19
385
89
431
90
416
46
472
46
417
22
451
22
438
96
470
96
447
154
477
156
464
162
495
162
472
18
588
18
478
213
520
230
518
234
550
247
526
21
639
21
542
46
584
46
602
204
637
214
*
foo0426.jpg
8
132
43
132
11
106
58
102
11
115
71
116
27
133
57
133
50
123
81
125
55
8
89
8
139
39
170
39
183
10
234
10
191
39
221
39
196
43
226
43
203
84
235
85
211
13
252
13
267
11
332
11
333
14
376
14
337
11
425
11
356
120
392
121
361
164
395
164
376
168
412
168
380
14
421
14
383
39
477
39
387
83
429
84
402
142
434
142
427
145
458
146
469
218
514
237
482
92
514
94
485
39
524
38
515
10
639
10
515
237
562
257
522
43
553
43
532
101
564
98
535
154
583
154
537
243
582
262
557
255
588
269
607
273
639
287
*
foo0427.jpg
52
148
84
148
59
15
95
24
59
145
96
145
61
139
97
139
62
146
110
146
64
0
95
15
64
143
100
145
66
110
103
111
76
163
109
161
78
119
117
119
105
7
148
6
176
3
210
3
177
161
217
161
185
36
222
36
233
48
263
48
237
6
275
6
269
2
342
2
281
5
319
5
300
39
340
39
313
36
343
36
321
142
365
142
324
5
384
5
341
38
374
38
399
78
436
79
401
86
437
84
402
4
434
4
437
171
496
172
453
74
483
74
461
81
505
82
480
3
511
3
483
32
517
32
487
195
535
215
501
88
542
88
552
224
617
254
554
228
609
255
572
129
617
130
589
2
639
2
*
foo0428.jpg
23
303
75
276
78
11
112
16
170
104
210
97
177
34
219
37
178
113
224
107
449
80
497
80
486
76
522
77
550
154
582
154
563
229
637
262
576
231
638
258
*
foo0429.jpg
237
87
270
81
250
28
290
29
250
130
281
124
275
184
309
184
384
129
415
131
427
116
460
116
466
79
498
80
504
229
534
242
557
251
591
268
*
foo0432.jpg
128
302
167
302
141
270
174
270
151
16
181
16
173
25
205
26
175
274
208
273
176
342
206
341
219
82
276
76
284
99
326
87
295
112
340
98
302
264
334
264
308
104
339
94
321
268
357
268
334
16
368
16
381
322
413
328
407
72
439
61
415
88
450
88
466
85
541
85
586
88
639
88
*
foo0434.jpg
0
3
43
11
0
56
70
61
0
66
33
68
0
68
64
70
0
74
85
79
1
41
61
49
2
54
37
56
2
62
94
69
2
69
75
74
10
49
50
52
10
66
91
70
16
58
72
62
18
45
85
53
18
52
90
64
18
60
57
62
18
61
95
65
23
78
56
78
24
0
73
8
26
53
64
56
28
73
94
78
44
53
84
55
45
56
79
58
52
26
91
31
58
80
93
82
67
70
111
73
82
76
120
77
100
57
149
61
130
74
162
74
130
76
160
78
130
377
160
360
137
23
177
30
140
18
188
26
161
35
195
42
191
343
243
313
243
318
317
276
249
247
350
210
268
299
308
277
360
206
483
162
370
462
407
462
382
262
431
262
389
465
422
465
446
264
493
265
459
171
504
155
585
225
616
240
*
foo0435.jpg
64
317
125
318
127
87
157
88
160
148
160
93
288
155
335
153
313
158
353
158
354
159
404
158
392
142
430
141
*
foo0436.jpg
25
73
67
74
42
160
72
155
63
71
98
71
71
290
101
289
216
147
253
144
231
255
279
252
252
148
292
147
265
135
325
125
324
147
356
147
417
197
429
233
441
270
451
302
517
179
581
214
*
foo0437.jpg
1
270
47
270
33
274
66
274
146
149
179
147
146
159
184
158
151
268
191
268
191
269
293
267
200
152
261
150
222
142
254
138
242
271
274
270
258
157
299
157
283
139
317
137
300
156
351
156
314
117
350
116
319
120
351
120
442
128
477
128
*
foo0442.jpg
67
456
106
455
79
446
110
446
97
205
129
204
134
450
165
449
169
156
199
151
270
447
314
446
285
450
341
450
312
122
353
122
363
212
393
212
447
450
507
450
*
foo0444.jpg
44
374
87
369
107
417
152
417
117
414
147
414
124
170
154
165
277
171
388
167
314
159
364
159
339
144
397
142
364
138
406
138
396
401
435
401
433
125
463
126
439
401
496
401
457
161
495
161
558
401
592
401
584
390
630
390
*
foo0445.jpg
0
122
36
122
0
138
31
134
1
144
32
142
2
128
56
128
18
121
63
121
25
95
66
95
36
142
73
136
110
292
162
292
150
288
308
288
222
207
253
193
227
291
259
291
251
193
292
174
303
158
348
158
303
176
352
176
338
154
399
154
349
158
405
158
376
287
452
287
429
120
460
119
503
135
570
135
539
159
580
160
*
foo0451.jpg
134
150
169
145
185
341
220
340
232
155
263
154
341
332
389
331
344
146
386
145
344
192
383
224
356
138
412
138
387
233
417
257
389
171
419
180
407
244
440
271
435
272
484
311
437
138
474
137
450
278
486
306
472
196
507
207
490
144
534
144
*
foo0452.jpg
184
106
236
107
220
132
262
132
376
234
420
278
422
278
450
308
467
322
500
355
467
329
499
360
515
372
556
414
521
372
558
409
543
395
581
433
*
foo0453.jpg
52
282
153
282
54
278
251
278
104
170
136
166
116
191
172
190
257
278
303
278
280
167
310
167
301
152
339
152
305
150
363
148
337
97
370
96
435
140
469
140
541
139
572
140
542
60
573
56
601
149
639
150
*
foo0458.jpg
1
184
59
181
14
330
49
326
16
154
59
151
24
149
68
148
25
84
68
84
27
88
60
88
27
137
64
137
27
159
58
160
28
126
63
126
28
131
62
129
29
171
89
170
31
166
67
166
36
152
81
153
37
168
76
168
43
158
80
154
49
256
136
256
54
106
87
108
54
165
91
165
58
162
104
163
68
162
104
162
75
345
126
345
81
152
114
148
103
138
135
138
103
159
135
159
122
271
167
271
131
385
186
385
137
260
167
260
146
453
216
456
154
250
217
249
161
264
203
264
163
179
215
171
174
239
204
238
210
377
246
377
213
290
245
290
223
249
291
249
242
458
292
459
244
171
287
170
270
240
315
241
290
165
323
165
305
457
336
458
311
249
388
248
318
188
355
188
348
176
455
176
353
243
394
244
354
170
459
170
395
233
436
233
403
122
471
122
422
119
474
119
461
377
491
377
498
170
541
170
509
252
550
252
528
142
599
142
536
187
569
187
545
345
576
345
593
477
623
478
*
foo0465.jpg
12
406
46
406
29
412
59
411
63
184
103
173
124
168
156
159
186
407
230
407
214
46
214
4
228
59
228
0
238
257
271
256
246
381
263
322
254
119
337
119
258
115
290
114
276
64
343
64
280
66
326
66
280
111
335
111
309
258
358
258
317
255
351
254
358
254
394
254
362
64
407
64
403
184
436
184
408
142
445
142
411
409
453
409
442
257
478
256
489
143
522
143
503
164
555
175
525
190
555
199
525
401
569
401
564
201
601
213
574
180
637
193
*
foo0466.jpg
12
122
43
122
24
156
56
152
28
133
80
130
28
174
74
168
28
182
95
171
29
196
70
189
31
153
63
150
34
161
81
156
35
187
77
179
36
219
78
208
37
89
67
89
37
127
72
125
37
181
93
173
40
156
74
153
42
126
82
124
48
387
80
387
84
206
120
196
121
196
151
188
163
186
204
175
273
384
314
384
296
68
366
68
300
70
352
70
326
120
381
120
366
261
422
261
486
383
572
383
488
154
528
154
488
378
518
378
526
214
630
214
528
378
573
378
*
foo0473.jpg
0
50
39
50
43
244
74
243
97
418
135
413
196
235
241
233
211
201
243
213
237
188
326
210
300
245
386
275
321
248
353
260
328
200
375
210
355
174
399
173
361
231
416
227
370
270
400
280
384
212
437
224
387
272
492
308
404
172
462
170
409
283
450
298
424
34
468
23
435
292
467
304
439
373
500
366
449
167
482
167
466
230
539
246
486
310
568
343
493
169
544
169
530
363
586
356
598
351
632
347
609
359
639
371
*
foo0474.jpg
0
225
33
215
9
226
41
218
16
231
59
221
45
364
75
356
68
268
106
306
243
272
279
295
287
302
330
333
348
77
378
77
350
347
402
380
383
284
420
277
448
405
520
429
476
409
508
420
478
264
514
257
496
172
535
174
501
96
535
99
515
428
557
441
529
149
577
148
566
439
612
454
578
148
608
147
580
152
628
152
*
foo0476.jpg
51
352
107
336
57
346
105
332
107
368
141
372
128
326
159
318
165
320
314
278
166
376
226
383
205
109
254
96
272
286
337
268
279
243
337
245
288
82
320
75
290
386
326
391
290
392
348
399
358
180
394
175
365
246
399
248
384
210
422
202
392
175
446
167
392
255
456
235
428
411
485
419
467
231
502
221
520
210
587
190
527
156
579
149
553
431
588
437
578
23
609
18
*
foo0477.jpg
14
363
60
365
37
315
72
303
41
309
78
297
50
210
95
202
71
303
134
281
119
443
154
420
156
416
190
394
157
192
187
187
159
238
208
238
159
413
214
378
163
267
194
256
182
264
236
245
222
246
269
230
229
6
259
9
258
237
301
223
263
350
333
305
270
230
356
201
278
240
310
241
302
223
341
210
324
305
356
283
336
302
403
258
345
208
399
190
363
199
396
188
389
151
423
145
407
249
512
181
409
254
553
157
431
233
463
212
433
243
463
243
441
246
518
247
479
202
525
172
493
395
531
397
506
184
556
151
515
127
545
122
562
394
595
397
576
402
618
405
*
foo0478.jpg
1
314
162
242
16
13
46
15
33
327
78
327
60
233
105
232
73
278
130
252
91
327
132
327
92
176
127
170
130
331
169
331
141
247
196
222
150
166
185
160
155
245
197
225
196
328
236
328
197
224
246
201
199
332
288
332
228
441
246
410
234
150
269
144
237
426
269
374
251
194
305
169
292
335
319
290
299
328
364
330
316
296
347
245
341
154
379
136
352
227
385
173
358
225
400
157
368
207
390
171
389
334
421
334
392
229
446
229
408
226
463
226
446
132
489
132
451
331
482
331
486
336
531
336
542
146
573
155
562
333
601
333
564
337
634
338
577
156
627
169
*
foo0490.jpg
88
186
166
165
189
159
278
137
256
403
265
373
290
132
334
132
293
282
302
249
308
243
316
210
325
266
362
266
327
128
388
127
431
138
464
140
582
78
637
68
*
foo0499.jpg
32
180
73
172
68
393
108
392
75
172
150
159
194
383
224
383
216
148
247
144
275
145
308
144
281
137
317
137
291
141
325
141
298
57
334
57
326
140
365
140
331
143
393
143
334
137
377
137
372
384
409
384
394
142
430
142
409
176
449
195
432
184
479
206
449
145
502
148
477
138
510
137
507
154
555
154
543
168
634
168
582
162
616
164
*
foo0500.jpg
0
358
45
358
90
193
142
178
92
360
147
360
101
356
159
356
140
178
186
164
211
359
243
359
287
135
325
136
289
358
331
358
297
259
318
206
304
233
318
193
319
128
351
128
343
136
406
136
361
358
482
358
368
141
399
141
415
354
449
354
432
140
470
140
461
144
495
150
552
357
617
357
575
353
610
353
598
179
639
179
*
foo0507.jpg
15
228
60
217
101
327
138
327
129
104
171
104
144
327
184
327
173
137
203
138
226
131
257
131
236
139
271
139
268
194
300
194
283
322
326
322
289
136
324
135
291
167
328
167
330
322
393
322
345
144
387
145
358
179
398
176
360
140
404
141
366
136
417
136
399
322
430
322
405
142
436
142
408
326
450
327
443
186
483
187
460
143
491
145
466
153
528
153
466
191
497
192
481
324
527
324
483
328
528
328
514
198
554
222
567
134
605
134
584
160
615
161
*
foo0509.jpg
0
142
45
142
1
239
31
239
16
224
48
223
31
353
75
352
46
208
91
208
112
152
148
152
150
171
180
172
150
350
203
350
165
163
195
165
170
259
204
261
182
147
216
147
182
426
196
394
222
222
254
222
244
298
260
268
251
146
343
146
261
172
303
173
266
352
311
352
283
278
322
279
318
154
379
156
320
204
358
204
329
182
379
181
338
230
370
230
344
215
383
215
352
178
386
178
410
350
441
350
411
205
447
205
414
199
448
199
416
172
475
172
421
184
459
184
442
350
497
350
487
209
543
209
500
350
546
350
518
291
556
329
536
199
566
199
546
89
586
74
567
200
616
200
571
197
606
197
596
194
636
194
*
foo0510.jpg
0
100
30
100
28
214
61
214
38
179
70
178
43
129
80
129
68
258
99
254
85
129
118
129
89
208
124
208
127
148
190
149
129
478
159
419
149
424
167
390
209
309
227
278
218
316
251
316
221
197
251
198
225
135
268
135
259
176
303
176
271
208
301
208
290
145
323
146
292
154
326
154
300
314
356
314
302
283
337
281
306
213
351
213
308
180
351
179
315
316
348
316
324
172
354
172
332
134
362
134
346
267
378
267
365
223
471
223
379
150
416
151
407
212
489
212
409
136
445
136
417
315
451
315
455
198
485
198
479
168
520
168
491
223
522
223
492
200
544
201
500
149
538
149
511
173
544
174
525
101
561
96
529
78
584
66
536
139
567
139
544
149
595
149
547
121
578
120
550
212
587
213
552
91
597
84
556
100
590
96
560
136
627
136
568
186
599
186
593
131
627
130
599
213
639
213
609
188
639
188
*
foo0511.jpg
0
134
35
134
1
224
33
223
61
146
129
146
68
151
107
151
71
154
117
154
102
160
135
160
139
425
163
385
140
273
173
273
146
140
182
140
213
156
254
156
278
200
308
200
291
179
329
181
303
273
518
273
307
176
338
176
310
207
343
210
311
137
343
137
336
248
370
248
365
144
416
144
366
318
397
318
372
206
409
208
404
174
444
174
416
156
482
157
428
139
472
139
467
318
509
318
490
95
522
88
510
304
576
304
530
183
585
184
556
91
590
86
557
102
587
98
*
foo0512.jpg
0
143
31
143
3
130
49
130
20
152
138
152
44
450
74
449
79
216
123
216
89
130
134
130
102
269
144
269
103
337
153
282
111
146
142
146
113
159
152
158
143
442
188
442
161
133
192
133
196
444
252
443
198
235
231
235
199
163
236
163
218
147
248
148
224
200
271
201
230
269
272
269
240
210
271
209
273
190
307
190
282
156
319
156
292
160
332
160
343
249
400
249
373
157
420
158
419
260
449
257
482
361
515
406
485
360
519
401
515
278
545
284
544
128
574
128
553
166
598
176
556
206
591
205
566
270
616
270
577
435
609
435
599
430
630
429
*
foo0513.jpg
11
173
44
173
23
182
62
182
32
404
63
373
70
121
101
123
98
166
134
165
114
184
148
184
140
290
177
290
171
175
205
175
172
289
207
289
203
190
247
190
224
165
261
165
273
168
325
168
275
422
321
422
293
179
354
179
295
149
338
147
304
176
383
176
340
206
412
206
368
174
431
175
385
188
419
189
406
425
451
425
456
179
493
179
463
237
494
236
470
297
502
297
477
190
508
190
479
230
537
230
494
178
525
178
495
152
532
151
512
146
550
146
561
233
602
233
564
176
638
189
*
